100A 2
2 4 4
5
1A 1034  5
1B 1000 10
1C 1100  1
1D 1123 20
1E 1210  5
20 10 10
7
1A 2180 20
1B 1283 20
1C 3629  5
1D 3649  3
1E 4051 15
1F 4211  1
1G 5318  5
100B 3
2 4 4
7
1A 2180 10
1B 1283 10
1C 3629  5
1D 3649  3
1E 4051 15
1F 4211 10
1G 3026  5
5 6 3
6
1A 6626  5
1B 6155  5
1C 5982 10
1D 5573  3
1E 5454 10
1F 5336 50
10 10 10
5
1A 1034  5
1B 1000  5
1C 1100  5
1D 1123  5
1E 1210 12
100C 2
0 0 0
3
1A 6774  5
1B 6869  5
1C 6879  2
0 0 0
4
1A 6774  2
1B 6869  5
1C 6879  1
1D 7555 10
100D 1
10 5 3
3
1A 2180  5
1B 3649  2
1C 4211  3
